7.004027208665100943e+02
7.008118487745118728e+02
7.012209241961062389e+02
7.016299471201259621e+02
7.020389175354032432e+02
7.024478354307708514e+02
7.028567007950613288e+02
7.032655136171072172e+02
7.036742738857411723e+02
7.040829815897955086e+02
7.044916367181029955e+02
7.049002392594961748e+02
7.053087892028073611e+02
7.057172865368694374e+02
7.061257312505149457e+02
7.065341233325760868e+02
7.069424627718858574e+02
7.073507495572764583e+02
7.077589836775807726e+02
7.081671651216310011e+02
7.085752938782599131e+02
7.089833699363001642e+02
7.093913932845841828e+02
7.097993639119443969e+02
7.102072818072135760e+02
7.106151469592241483e+02
7.110229593568088831e+02
7.114307189888000948e+02
7.118384258440303256e+02
7.122460799113323446e+02
7.126536811795385802e+02
7.130612296374815742e+02
7.134687252739939822e+02
7.138761680779082326e+02
7.142835580380569809e+02
7.146908951432727690e+02
7.150981793823881389e+02
7.155054107442356326e+02
7.159125892176479056e+02
7.163197147914572724e+02
7.167267874544965025e+02
7.171338071955981377e+02
7.175407740035947199e+02
7.179476878673187912e+02
7.183545487756027796e+02
7.187613567172793410e+02
7.191681116811813581e+02
7.195748136561408046e+02
7.199814626309905634e+02
7.203880585945632902e+02
7.207946015356914131e+02
7.212010914432073605e+02
7.216075283059437879e+02
7.220139121127332373e+02
7.224202428524085917e+02
7.228265205138018246e+02
7.232327450857458189e+02
7.236389165570733439e+02
7.240450349166164870e+02
7.244511001532080172e+02
7.248571122556807040e+02
7.252630712128667483e+02
7.256689770135989193e+02
7.260748296467097589e+02
7.264806291010316954e+02
7.268863753653974982e+02
7.272920684286394817e+02
7.276977082795905289e+02
7.281032949070828408e+02
7.285088282999491867e+02
7.289143084470219947e+02
7.293197353371340341e+02
7.297251089591176196e+02
7.301304293018055205e+02
7.305356963540300512e+02
7.309409101046239812e+02
7.313460705424197386e+02
7.317511776562500927e+02
7.321562314349473581e+02
7.325612318673440768e+02
7.329661789422730180e+02
7.333710726485667237e+02
7.337759129750576221e+02
7.341806999105781415e+02
7.345854334439610511e+02
7.349901135640390066e+02
7.353947402596443226e+02
7.357993135196095409e+02
7.362038333327675446e+02
7.366082996879507618e+02
7.370127125739915073e+02
7.374170719797224365e+02
7.378213778939762051e+02
7.382256303055853550e+02
7.386298292033825419e+02
7.390339745761999666e+02
7.394380664128706258e+02
7.398421047022268340e+02
7.402460894331012469e+02
7.406500205943261790e+02
7.410538981747345133e+02
7.414577221631589055e+02
7.418614925484313289e+02
7.422652093193847804e+02
7.426688724648516882e+02
7.430724819736648215e+02
7.434760378346563812e+02
7.438795400366592503e+02
7.442829885685058571e+02
7.446863834190287434e+02
7.450897245770602240e+02
7.454930120314332953e+02
7.458962457709803857e+02
7.462994257845339234e+02
7.467025520609265641e+02
7.471056245889907359e+02
7.475086433575593219e+02
7.479116083554644092e+02
7.483145195715389946e+02
7.487173769946152788e+02
7.491201806135261450e+02
7.495229304171039075e+02
7.499256263941809948e+02
7.503282685335905171e+02
7.507308568241645617e+02
7.511333912547356704e+02
7.515358718141367262e+02
7.519382984912000438e+02
7.523406712747583924e+02
7.527429901536439729e+02
7.531452551166894409e+02
7.535474661527275657e+02
7.539496232505910029e+02
7.543517263991119535e+02
7.547537755871231866e+02
7.551557708034571306e+02
7.555577120369464410e+02
7.559595992764236598e+02
7.563614325107213290e+02
7.567632117286719904e+02
7.571649369191082997e+02
7.575666080708625714e+02
7.579682251727676885e+02
7.583697882136559656e+02
7.587712971823601720e+02
7.591727520677125085e+02
7.595741528585459719e+02
7.599754995436928766e+02
7.603767921119857647e+02
7.607780305522571780e+02
7.611792148533398858e+02
7.615803450040662028e+02
7.619814209932687845e+02
7.623824428097801729e+02
7.627834104424330235e+02
7.631843238800597646e+02
7.635851831114930519e+02
7.639859881255653136e+02
7.643867389111090915e+02
7.647874354569572688e+02
7.651880777519419325e+02
7.655886657848959658e+02
7.659891995446519104e+02
7.663896790200423084e+02
7.667901041998994742e+02
7.671904750730561773e+02
7.675907916283449595e+02
7.679910538545984764e+02
7.683912617406490426e+02
7.687914152753294275e+02
7.691915144474721728e+02
7.695915592459097070e+02
7.699915496594746855e+02
7.703914856769995367e+02
7.707913672873169162e+02
7.711911944792595932e+02
7.715909672416597687e+02
7.719906855633500982e+02
7.723903494331631236e+02
7.727899588399317281e+02
7.731895137724879987e+02
7.735890142196648185e+02
7.739884601702945019e+02
7.743878516132099321e+02
7.747871885372431962e+02
7.751864709312272907e+02
7.755856987839945305e+02
7.759848720843777983e+02
7.763839908212090677e+02
7.767830549833213354e+02
7.771820645595471433e+02
7.775810195387189196e+02
7.779799199096693201e+02
7.783787656612306591e+02
7.787775567822357061e+02
7.791762932615172303e+02
7.795749750879073190e+02
7.799736022502388550e+02
7.803721747373442668e+02
7.807706925380563234e+02
7.811691556412072259e+02
7.815675640356296299e+02
7.819659177101561909e+02
7.823642166536196783e+02
7.827624608548522929e+02
7.831606503026866903e+02
7.835587849859555263e+02
7.839568648934912289e+02
7.843548900141264539e+02
7.847528603366937432e+02
7.851507758500256386e+02
7.855486365429546822e+02
7.859464424043134159e+02
7.863441934229343815e+02
7.867418895876503484e+02
7.871395308872936312e+02
7.875371173106967717e+02
7.879346488466924256e+02
7.883321254841132486e+02
7.887295472117916688e+02
7.891269140185602282e+02
7.895242258932514687e+02
7.899214828246981597e+02
7.903186848017326156e+02
7.907158318131874921e+02
7.911129238478952175e+02
7.915099608946886747e+02
7.919069429424001783e+02
7.923038699798621565e+02
7.927007419959073786e+02
7.930975589793685003e+02
7.934943209190778362e+02
7.938910278038679280e+02
7.942876796225716589e+02
7.946842763640213434e+02
7.950808180170495234e+02
7.954773045704887409e+02
7.958737360131716514e+02
7.962701123339307969e+02
7.966664335215987194e+02
7.970626995650079607e+02
7.974589104529911765e+02
7.978550661743806813e+02
7.982511667180093582e+02
7.986472120727095216e+02
7.990432022273137136e+02
7.994391371706547034e+02
7.998350168915648055e+02
8.002308413788767893e+02
8.006266106214230831e+02
8.010223246080364561e+02
8.014179833275491092e+02
8.018135867687938116e+02
8.022091349206029918e+02
8.026046277718095325e+02
8.030000653112456348e+02
8.033954475277440679e+02
8.037907744101371463e+02
8.041860459472578668e+02
8.045812621279383166e+02
8.049764229410112648e+02
8.053715283753093672e+02
8.057665784196649383e+02
8.061615730629106338e+02
8.065565122938791092e+02
8.069513961014029064e+02
8.073462244743145675e+02
8.077409974014465206e+02
8.081357148716314214e+02
8.085303768737018117e+02
8.089249833964902336e+02
8.093195344288293427e+02
8.097140299595515671e+02
8.101084699774895626e+02
8.105028544714758709e+02
8.108971834303430342e+02
8.112914568429235942e+02
8.116856746980500930e+02
8.120798369845550724e+02
8.124739436912711881e+02
8.128679948070308683e+02
8.132619903206668823e+02
8.136559302210115447e+02
8.140498144968975112e+02
8.144436431371572098e+02
8.148374161306236374e+02
8.152311334661288811e+02
8.156247951325055965e+02
8.160184011185865529e+02
8.164119514132041786e+02
8.168054460051907881e+02
8.171988848833792645e+02
8.175922680366021496e+02
8.179855954536919853e+02
8.183788671234810863e+02
8.187720830348022218e+02
8.191652431764880475e+02
8.195583475373708779e+02
8.199513961062833687e+02
8.203443888720580617e+02
8.207373258235276126e+02
8.211302069495245632e+02
8.215230322388813420e+02
8.219158016804304907e+02
8.223085152630046650e+02
8.227011729754366343e+02
8.230937748065585993e+02
8.234863207452033294e+02
8.238788107802031391e+02
8.242712449003909114e+02
8.246636230945989610e+02
8.250559453516598296e+02
8.254482116604065141e+02
8.258404220096709878e+02
8.262325763882860201e+02
8.266246747850842667e+02
8.270167171888982693e+02
8.274087035885604564e+02
8.278006339729034835e+02
8.281925083307598925e+02
8.285843266509623390e+02
8.289760889223431377e+02
8.293677951337351715e+02
8.297594452739705275e+02
8.301510393318824299e+02
8.305425772963027384e+02
8.309340591560645635e+02
8.313254848999999922e+02
8.317168545169421350e+02
8.321081679957229653e+02
8.324994253251753662e+02
8.328906264941318796e+02
8.332817714914250473e+02
8.336728603058874114e+02
8.340638929263514001e+02
8.344548693416497827e+02
8.348457895406151010e+02
8.352366535120796698e+02
8.356274612448762582e+02
8.360182127278374082e+02
8.364089079497957755e+02
8.367995468995835608e+02
8.371901295660336473e+02
8.375806559379785767e+02
8.379711260042507774e+02
8.383615397536829050e+02
8.387518971751072741e+02
8.391421982573568812e+02
8.395324429892639273e+02
8.399226313596610680e+02
8.403127633573809590e+02
8.407028389712559147e+02
8.410928581901188181e+02
8.414828210028019839e+02
8.418727273981380677e+02
8.422625773649596113e+02
8.426523708920991567e+02
8.430421079683892458e+02
8.434317885826624206e+02
8.438214127237513367e+02
8.442109803804886496e+02
8.446004915417066741e+02
8.449899461962379519e+02
8.453793443329151387e+02
8.457686859405708901e+02
8.461579710080376344e+02
8.465471995241479135e+02
8.469363714777344967e+02
8.473254868576296985e+02
8.477145456526661746e+02
8.481035478516763533e+02
8.484924934434930037e+02
8.488813824169485542e+02
8.492702147608756604e+02
8.496589904641068642e+02
