-1.666522372881644060e+03
-1.653167312081074215e+03
-1.639834253028116336e+03
-1.626501193975158913e+03
-1.613212138417425422e+03
-1.599879079364467771e+03
-1.586546020311510347e+03
-1.573256964753776856e+03
-1.559901903953207011e+03
-1.546590846647861554e+03
-1.533279789342515869e+03
-1.519968732037170412e+03
-1.506613671236601022e+03
-1.493280612183643143e+03
-1.480035560121134267e+03
-1.466680499320564195e+03
-1.453369442015218738e+03
-1.440058384709873280e+03
-1.426725325656915629e+03
-1.413436270099182138e+03
-1.400103211046224715e+03
-1.386770151993267064e+03
-1.373459094687921379e+03
-1.360148037382575922e+03
-1.346836980077230464e+03
-1.333503921024272586e+03
-1.320236867214151516e+03
-1.306881806413581899e+03
-1.293548747360624247e+03
-1.280259691802890984e+03
-1.266926632749933333e+03
-1.253593573696975454e+03
-1.240282516391629997e+03
-1.226949457338672573e+03
-1.213660401780939083e+03
-1.200349344475593853e+03
-1.187016285422635747e+03
-1.173661224622066356e+03
-1.160350167316720672e+03
-1.147061111758987636e+03
-1.133728052706029530e+03
-1.120394993653071879e+03
-1.107083936347726421e+03
-1.093772879042381192e+03
-1.080461821737035734e+03
-1.067128762684078083e+03
-1.053817705378732626e+03
-1.040462644578162553e+03
-1.027151587272817096e+03
-1.013862531715083833e+03
-1.000507470914514101e+03
-9.871744118615563366e+02
-9.738633545562109930e+02
-9.605302955032530008e+02
-9.472632416931321586e+02
-9.339081808925624273e+02
-9.205751218396047761e+02
-9.072640645342592052e+02
-8.939310054813015540e+02
-8.806419499235684043e+02
-8.673308926182226060e+02
-8.539758318176529883e+02
-8.406427727646953372e+02
-8.273757189545741539e+02
-8.140426599016166165e+02
-8.007096008486588516e+02
-7.873985435433136217e+02
-7.740654844903556295e+02
-7.607544271850103996e+02
-7.474433698796648287e+02
-7.341323125743194851e+02
-7.207992535213618339e+02
-7.074661944684040691e+02
-6.941771389106706920e+02
-6.808660816053250073e+02
-6.675550242999796637e+02
-6.541999634994097050e+02
-6.408889061940643614e+02
-6.275778488887190179e+02
-6.142887933309855271e+02
-6.009557342780277622e+02
-5.876226752250699974e+02
-5.743116179197245401e+02
-5.609345553715428423e+02
-5.476895033090336256e+02
-5.343784460036881683e+02
-5.210453869507305171e+02
-5.077123278977730365e+02
-4.943792688448154422e+02
-4.810902132870818946e+02
-4.677791559817363805e+02
-4.544460969287788998e+02
-4.411130378758213055e+02
-4.278019805704755072e+02
-4.145349267603546082e+02
-4.012238694550089235e+02
-3.878468069068272257e+02
-3.745357496014817684e+02
-3.612026905485238899e+02
-3.479136349907904560e+02
-3.346025776854452261e+02
-3.212695186324873475e+02
-3.079364595795299806e+02
-2.946034005265722726e+02
-2.813583484640632264e+02
-2.680252894111058595e+02
-2.547142321057600611e+02
-2.413591713051904151e+02
-2.280261122522327071e+02
-2.147810601897236893e+02
-2.014480011367657823e+02
-1.881149420838084438e+02
-1.747598812832382293e+02
-1.614488239778931700e+02
-1.481817701677716741e+02
-1.348707128624263873e+02
-1.215156520618564144e+02
-1.081825930088988770e+02
-9.489353745116569883e+01
-8.160448189343193803e+01
-6.827142284047458531e+01
-5.491636203990479004e+01
-4.162730648217142004e+01
-2.827224568160142226e+01
-1.500519187148031897e+01
-1.694134566134865683e+00
1.163892448682267045e+01
2.497198353978039620e+01
3.830504259273812551e+01
5.155009465524713619e+01
6.488315370820448891e+01
7.821621276116259480e+01
9.157127356173219823e+01
1.048603291194653764e+02
1.181273829295866733e+02
1.314824437301566888e+02
1.448155027831140274e+02
1.581265600884594846e+02
1.714596191414171926e+02
1.847266729515384895e+02
1.980377302568839468e+02
2.113927910574535360e+02
2.247258501104116704e+02
2.380589091633690089e+02
2.513039612258780267e+02
2.646590220264479854e+02
2.779700793317934995e+02
2.913251401323631171e+02
3.046361974377085744e+02
3.179032512478298713e+02
3.311923068055630210e+02
3.445693693537453441e+02
3.578804266590907446e+02
3.712134857120480547e+02
3.844805395221694084e+02
3.978135985751271164e+02
4.111686593756967341e+02
4.244797166810425324e+02
4.378127757339998993e+02
4.510578277965088887e+02
4.643908868494667104e+02
4.777679493976485787e+02
4.910570049553820695e+02
5.043680622607271857e+02
5.176791195660725862e+02
5.309901768714183845e+02
5.443232359243762630e+02
5.576562949773335731e+02
5.709893540302913379e+02
5.842564078404128622e+02
5.975894668933702860e+02
6.109005241987154022e+02
6.242335832516735081e+02
6.375446405570185107e+02
6.508336961147525699e+02
6.641667551677098800e+02
6.775218159682793839e+02
6.908328732736251823e+02
7.041659323265834018e+02
7.174549878843165516e+02
7.307880469372735206e+02
7.441431077378434793e+02
7.574761667908009031e+02
7.708092258437588953e+02
7.840542779062684531e+02
7.973653352116135693e+02
8.107643995074076884e+02
8.240754568127530320e+02
8.374305176133223085e+02
8.506975714234440602e+02
8.640306304764015977e+02
8.774076930245836365e+02
8.907407520775409466e+02
9.040738111304985978e+02
9.173188631930080419e+02
9.306739239935776595e+02
9.440509865417592437e+02
9.573620438471042462e+02
9.707171046476751144e+02
9.839841584577959566e+02
9.973172175107536077e+02
1.010672278311322771e+03
1.024027339111892843e+03
1.037338396417238755e+03
1.050627451974972246e+03
1.063938509280317930e+03
1.077315571828499742e+03
1.090626629133844745e+03
1.103959688186802850e+03
1.117226741996923920e+03
1.130537799302268695e+03
1.143914861850451416e+03
1.157225919155796419e+03
1.170558978208754525e+03
1.183848033766487561e+03
1.197115087576608403e+03
1.210492150124791124e+03
1.223803207430136126e+03
1.237136266483094460e+03
1.250381318545603108e+03
1.263714377598560077e+03
1.277069438399130149e+03
1.290402497452087800e+03
1.303713554757434167e+03
1.316980608567555009e+03
1.330313667620511978e+03
1.343668728421082051e+03
1.356979785726427963e+03
1.370290843031773193e+03
1.383557896841894717e+03
1.396912957642464107e+03
1.410246016695421986e+03
1.423557074000766988e+03
1.436846129558500934e+03
1.450157186863846391e+03
1.463468244169191394e+03
1.476823304969761239e+03
1.490134362275106469e+03
1.503423417832840414e+03
1.516756476885798065e+03
1.530067534191143523e+03
1.543400593244100492e+03
1.556733652297059052e+03
1.570022707854792088e+03
1.583311763412525806e+03
1.596644822465482775e+03
1.610065888508889202e+03
1.623486954552295401e+03
1.636798011857641313e+03
1.650065065667762610e+03
1.663420126468332455e+03
