7.301304293018055205e+02
7.305356963540300512e+02
7.309409101046239812e+02
7.313460705424197386e+02
7.317511776562500927e+02
7.321562314349473581e+02
7.325612318673440768e+02
7.329661789422730180e+02
7.333710726485667237e+02
7.337759129750576221e+02
7.341806999105781415e+02
7.345854334439610511e+02
7.349901135640390066e+02
7.353947402596443226e+02
7.357993135196095409e+02
7.362038333327675446e+02
7.366082996879507618e+02
7.370127125739915073e+02
7.374170719797224365e+02
7.378213778939762051e+02
7.382256303055853550e+02
7.386298292033825419e+02
7.390339745761999666e+02
7.394380664128706258e+02
7.398421047022268340e+02
7.402460894331012469e+02
7.406500205943261790e+02
7.410538981747345133e+02
7.414577221631589055e+02
7.418614925484313289e+02
7.422652093193847804e+02
7.426688724648516882e+02
7.430724819736648215e+02
7.434760378346563812e+02
7.438795400366592503e+02
7.442829885685058571e+02
7.446863834190287434e+02
7.450897245770602240e+02
7.454930120314332953e+02
7.458962457709803857e+02
7.462994257845339234e+02
7.467025520609265641e+02
7.471056245889907359e+02
7.475086433575593219e+02
7.479116083554644092e+02
7.483145195715389946e+02
7.487173769946152788e+02
7.491201806135261450e+02
7.495229304171039075e+02
7.499256263941809948e+02
7.503282685335905171e+02
7.507308568241645617e+02
7.511333912547356704e+02
7.515358718141367262e+02
7.519382984912000438e+02
7.523406712747583924e+02
7.527429901536439729e+02
7.531452551166894409e+02
7.535474661527275657e+02
7.539496232505910029e+02
7.543517263991119535e+02
7.547537755871231866e+02
7.551557708034571306e+02
7.555577120369464410e+02
7.559595992764236598e+02
7.563614325107213290e+02
7.567632117286719904e+02
7.571649369191082997e+02
7.575666080708625714e+02
7.579682251727676885e+02
7.583697882136559656e+02
7.587712971823601720e+02
7.591727520677125085e+02
7.595741528585459719e+02
7.599754995436928766e+02
7.603767921119857647e+02
7.607780305522571780e+02
7.611792148533398858e+02
7.615803450040662028e+02
7.619814209932687845e+02
7.623824428097801729e+02
7.627834104424330235e+02
7.631843238800597646e+02
7.635851831114930519e+02
7.639859881255653136e+02
7.643867389111090915e+02
7.647874354569572688e+02
7.651880777519419325e+02
7.655886657848959658e+02
7.659891995446519104e+02
7.663896790200423084e+02
7.667901041998994742e+02
7.671904750730561773e+02
7.675907916283449595e+02
7.679910538545984764e+02
7.683912617406490426e+02
7.687914152753294275e+02
7.691915144474721728e+02
7.695915592459097070e+02
7.699915496594746855e+02
7.703914856769995367e+02
7.707913672873169162e+02
7.711911944792595932e+02
7.715909672416597687e+02
7.719906855633500982e+02
7.723903494331631236e+02
7.727899588399317281e+02
7.731895137724879987e+02
7.735890142196648185e+02
7.739884601702945019e+02
7.743878516132099321e+02
7.747871885372431962e+02
7.751864709312272907e+02
7.755856987839945305e+02
7.759848720843777983e+02
7.763839908212090677e+02
7.767830549833213354e+02
7.771820645595471433e+02
7.775810195387189196e+02
7.779799199096693201e+02
7.783787656612306591e+02
7.787775567822357061e+02
7.791762932615172303e+02
7.795749750879073190e+02
7.799736022502388550e+02
7.803721747373442668e+02
7.807706925380563234e+02
7.811691556412072259e+02
7.815675640356296299e+02
7.819659177101561909e+02
7.823642166536196783e+02
7.827624608548522929e+02
7.831606503026866903e+02
7.835587849859555263e+02
7.839568648934912289e+02
7.843548900141264539e+02
7.847528603366937432e+02
7.851507758500256386e+02
7.855486365429546822e+02
7.859464424043134159e+02
7.863441934229343815e+02
7.867418895876503484e+02
7.871395308872936312e+02
7.875371173106967717e+02
7.879346488466924256e+02
7.883321254841132486e+02
7.887295472117916688e+02
7.891269140185602282e+02
7.895242258932514687e+02
7.899214828246981597e+02
7.903186848017326156e+02
7.907158318131874921e+02
7.911129238478952175e+02
7.915099608946886747e+02
7.919069429424001783e+02
7.923038699798621565e+02
7.927007419959073786e+02
7.930975589793685003e+02
7.934943209190778362e+02
7.938910278038679280e+02
7.942876796225716589e+02
7.946842763640213434e+02
7.950808180170495234e+02
7.954773045704887409e+02
7.958737360131716514e+02
7.962701123339307969e+02
7.966664335215987194e+02
7.970626995650079607e+02
7.974589104529911765e+02
7.978550661743806813e+02
7.982511667180093582e+02
7.986472120727095216e+02
7.990432022273137136e+02
7.994391371706547034e+02
7.998350168915648055e+02
8.002308413788767893e+02
8.006266106214230831e+02
8.010223246080364561e+02
8.014179833275491092e+02
8.018135867687938116e+02
8.022091349206029918e+02
8.026046277718095325e+02
8.030000653112456348e+02
8.033954475277440679e+02
8.037907744101371463e+02
8.041860459472578668e+02
8.045812621279383166e+02
8.049764229410112648e+02
8.053715283753093672e+02
8.057665784196649383e+02
8.061615730629106338e+02
8.065565122938791092e+02
8.069513961014029064e+02
8.073462244743145675e+02
8.077409974014465206e+02
8.081357148716314214e+02
8.085303768737018117e+02
8.089249833964902336e+02
8.093195344288293427e+02
8.097140299595515671e+02
