[615.28800548 615.74052931 616.19302674 616.64549777 617.09794241
 617.55036064 618.00275248 618.45511791 618.90745694 619.35976957
 619.81205579 620.2643156  620.716549   621.16875599 621.62093658
 622.07309074 622.5252185  622.97731984 623.42939476 623.88144327
 624.33346535 624.78546102 625.23743026 625.68937308 626.14128947
 626.59317944 627.04504298 627.4968801  627.94869078 628.40047503
 628.85223285 629.30396423 629.75566918 630.2073477  630.65899977
 631.11062541 631.5622246  632.01379735 632.46534366 632.91686353
 633.36835695 633.81982392 634.27126444 634.72267852 635.17406614
 635.62542731 636.07676202 636.52807028 636.97935209 637.43060743
 637.88183632 638.33303874 638.78421471 639.23536421 639.68648724
 640.13758381 640.58865391 641.03969755 641.49071471 641.9417054
 642.39266962 642.84360737 643.29451864 643.74540343 644.19626175
 644.64709359 645.09789894 645.54867782 645.99943021 646.45015612
 646.90085554 647.35152847 647.80217492 648.25279487 648.70338833
 649.15395531 649.60449578 650.05500976 650.50549725 650.95595824
 651.40639273 651.85680071 652.3071822  652.75753718 653.20786566
 653.65816763 654.1084431  654.55869205 655.0089145  655.45911044
 655.90927986 656.35942277 656.80953916 657.25962904 657.7096924
 658.15972924 658.60973956 659.05972336 659.50968063 659.95961138
 660.4095156  660.8593933  661.30924447 661.75906911 662.20886722
 662.65863879 663.10838383 663.55810234 664.00779431 664.45745974
 664.90709863 665.35671098 665.80629679 666.25585606 666.70538878
 667.15489496 667.60437459 668.05382767 668.5032542  668.95265418
 669.40202761 669.85137448 670.3006948  670.74998856 671.19925577
 671.64849641 672.0977105  672.54689802 672.99605898 673.44519337
 673.8943012  674.34338247 674.79243716 675.24146528 675.69046684
 676.13944182 676.58839022 677.03731206 677.48620731 677.93507599
 678.38391809 678.8327336  679.28152254 679.73028489 680.17902066
 680.62772984 681.07641244 681.52506845 681.97369787 682.42230069
 682.87087693 683.31942657 683.76794961 684.21644606 684.66491591
 685.11335916 685.56177581 686.01016586 686.45852931 686.90686615
 687.35517639 687.80346002 688.25171704 688.69994745 689.14815125
 689.59632844 690.04447901 690.49260297 690.94070031 691.38877104
 691.83681514 692.28483263 692.73282349 693.18078773 693.62872535
 694.07663634 694.5245207  694.97237844 695.42020954 695.86801402
 696.31579186 696.76354307 697.21126764 697.65896558 698.10663688
 698.55428154 699.00189956 699.44949094 699.89705567 700.34459376
 700.79210521 701.23959001 701.68704816 702.13447966 702.58188451
 703.0292627  703.47661425 703.92393913 704.37123737 704.81850894
 705.26575386 705.71297211 706.1601637  706.60732863 707.0544669
 707.5015785  707.94866343 708.3957217  708.84275329 709.28975822
 709.73673647 710.18368805 710.63061295 711.07751118 711.52438273
 711.9712276  712.41804579 712.8648373  713.31160212 713.75834026
 714.20505172 714.65173649 715.09839457 715.54502596 715.99163066
 716.43820867 716.88475998 717.3312846  717.77778252 718.22425375
 718.67069827 719.1171161  719.56350722 720.00987165 720.45620936
 720.90252037 721.34880468 721.79506227 722.24129316 722.68749734
 723.1336748  723.57982555 724.02594959 724.47204691 724.91811751
 725.36416139 725.81017855 726.25616899 726.70213271 727.1480697
 727.59397997 728.03986351 728.48572032 728.93155041 729.37735376
 729.82313038 730.26888027 730.71460342 731.16029983 731.60596951
 732.05161245 732.49722865 732.94281811 733.38838082 733.83391679
 734.27942602 734.72490849 735.17036422 735.6157932  736.06119543
 736.50657091 736.95191963 737.3972416  737.84253681 738.28780527
 738.73304697 739.1782619  739.62345008 740.06861149 740.51374614
 740.95885402 741.40393513 741.84898948 742.29401706 742.73901786
 743.1839919  743.62893916 744.07385964 744.51875335 744.96362029
 745.40846044 745.85327381 746.29806041 746.74282022 747.18755324
 747.63225948 748.07693893 748.5215916  748.96621747 749.41081656
 749.85538885 750.29993435 750.74445305 751.18894496 751.63341007
 752.07784838 752.52225989 752.9666446  753.41100251 753.85533361
 754.29963791 754.7439154  755.18816608 755.63238996 756.07658702
 756.52075727 756.96490071 757.40901733 757.85310714 758.29717013
 758.74120629 759.18521564 759.62919817 760.07315388 760.51708276
 760.96098482 761.40486005 761.84870845 762.29253002 762.73632476
 763.18009267 763.62383375 764.06754799 764.51123539 764.95489596
 765.39852969 765.84213658 766.28571662 766.72926983 767.17279619
 767.6162957  768.05976837 768.50321419 768.94663316 769.39002528
 769.83339055 770.27672897 770.72004053 771.16332523 771.60658308
 772.04981407 772.49301819 772.93619546 773.37934587 773.8224694
 774.26556608 774.70863589 775.15167883 775.5946949  776.0376841
 776.48064643 776.92358188 777.36649046 777.80937216 778.25222699
 778.69505494 779.13785601 779.58063019 780.0233775  780.46609792
 780.90879145 781.3514581  781.79409786 782.23671073 782.67929671
 783.1218558  783.56438799 784.00689329 784.44937169 784.8918232
 785.33424781 785.77664552 786.21901632 786.66136023 787.10367723
 787.54596732 787.98823051 788.43046679 788.87267616 789.31485862
 789.75701417 790.1991428  790.64124452 791.08331933 791.52536721
 791.96738818 792.40938223 792.85134936 793.29328956 793.73520284
 794.1770892  794.61894863 795.06078113 795.5025867  795.94436534
 796.38611705 796.82784183 797.26953967 797.71121057 798.15285454
 798.59447157 799.03606166 799.47762481 799.91916101 800.36067028
 800.80215259 801.24360796 801.68503639 802.12643786 802.56781238
 803.00915995 803.45048057 803.89177423 804.33304094 804.77428069
 805.21549348 805.65667931 806.09783818 806.53897009 806.98007503
 807.42115301 807.86220402 808.30322806 808.74422514 809.18519524
 809.62613837 810.06705453 810.50794372 810.94880593 811.38964116
 811.83044941 812.27123068 812.71198497 813.15271228 813.59341261
 814.03408595 814.4747323  814.91535167 815.35594405 815.79650943
 816.23704783 816.67755923 817.11804363 817.55850104 817.99893146
 818.43933487 818.87971129 819.3200607  819.76038311 820.20067852
 820.64094692 821.08118832 821.52140271 821.96159009 822.40175046
 822.84188381 823.28199016 823.72206949 824.1621218  824.6021471
 825.04214538 825.48211663 825.92206087 826.36197808 826.80186828
 827.24173144 827.68156758 828.12137669 828.56115877 829.00091383
 829.44064185 829.88034283 830.32001679 830.7596637  831.19928358
 831.63887642 832.07844222 832.51798098 832.9574927  833.39697738
 833.836435   834.27586559 834.71526912 835.15464561 835.59399504
 836.03331743 836.47261276 836.91188103 837.35112225 837.79033642
 838.22952352 838.66868357 839.10781655 839.54692247 839.98600133
 840.42505312 840.86407785 841.30307551 841.7420461  842.18098962
 842.61990606 843.05879544 843.49765774 843.93649296 844.37530111
 844.81408218 845.25283617 845.69156308 846.1302629  846.56893564
 847.0075813  847.44619987 847.88479135 848.32335575 848.76189305
 849.20040326 849.63888638 850.07734241 850.51577133 850.95417317
 851.3925479  851.83089553 852.26921607 852.7075095  853.14577582
 853.58401504 854.02222716 854.46041217 854.89857007 855.33670085
 855.77480453 856.21288109 856.65093054 857.08895288 857.52694809
 857.96491619 858.40285717 858.84077103 859.27865776 859.71651738
 860.15434986 860.59215522 861.02993346 861.46768456 861.90540853
 862.34310537 862.78077508 863.21841766 863.6560331  864.0936214
 864.53118256 864.96871659 865.40622347 865.84370321 866.28115581
 866.71858126 867.15597957 867.59335072 868.03069473 868.46801159
 868.9053013  869.34256386 869.77979926 870.2170075  870.65418859
 871.09134252 871.52846929 871.9655689  872.40264134 872.83968663
 873.27670475 873.7136957  874.15065948 874.5875961  875.02450554
 875.46138782 875.89824292 876.33507084 876.77187159 877.20864517
 877.64539156 878.08211078 878.51880282 878.95546767 879.39210534
 879.82871582 880.26529912 880.70185523 881.13838415 881.57488589
 882.01136043 882.44780777 882.88422793 883.32062088 883.75698665
 884.19332521 884.62963657 885.06592073 885.50217769 885.93840745
 886.37461    886.81078535 887.24693348 887.68305441 888.11914813
 888.55521464 888.99125393 889.42726601 889.86325088 890.29920853
 890.73513896 891.17104217 891.60691815 892.04276692 892.47858847
 892.91438278 893.35014988 893.78588974 894.22160238 894.65728778
 895.09294596 895.5285769  895.96418061 896.39975708 896.83530632
 897.27082831 897.70632307 898.14179059 898.57723086 899.01264389
 899.44802968 899.88338822 900.31871951 900.75402356 901.18930035
 901.6245499  902.05977219 902.49496722 902.930135   903.36527552
 903.80038879 904.2354748  904.67053354 905.10556502 905.54056924
 905.9755462  906.41049589 906.84541831 907.28031346 907.71518134
 908.15002195 908.58483529 909.01962136 909.45438014 909.88911166
 910.32381589 910.75849284 911.19314252 911.62776491 912.06236002
 912.49692784 912.93146838 913.36598163 913.80046759 914.23492626
 914.66935764 915.10376173 915.53813852 915.97248802 916.40681022
 916.84110512 917.27537272 917.70961303 918.14382603 918.57801172
 919.01217012 919.4463012  919.88040498 920.31448145 920.74853061
 921.18255246 921.616547   922.05051422 922.48445412 922.91836671
 923.35225199 923.78610994 924.21994057 924.65374388 925.08751987
 925.52126853 925.95498986 926.38868387 926.82235055 927.2559899
 927.68960192 928.12318661 928.55674396 928.99027398 929.42377666
 929.857252   930.2907     930.72412066 931.15751398 931.59087996
 932.02421859 932.45752987 932.89081381 933.3240704  933.75729964
 934.19050153 934.62367607 935.05682325 935.48994308 935.92303555
 936.35610066 936.78913841 937.2221488  937.65513183 938.0880875
 938.5210158  938.95391674 939.38679031 939.81963651 940.25245534
 940.6852468  941.11801088 941.55074759 941.98345693 942.41613889
 942.84879347 943.28142068 943.7140205  944.14659294 944.579138
 945.01165567 945.44414596 945.87660886 946.30904437 946.74145249
 947.17383322 947.60618656 948.0385125  948.47081105 948.9030822
 949.33532596 949.76754231 950.19973126 950.63189282 951.06402696
 951.49613371 951.92821305 952.36026498 952.7922895  953.22428661
 953.65625631 954.0881986  954.52011348 954.95200094]
[48.999 48.    46.999 46.    44.999 43.999 42.999 41.999 41.    40.   ]
[[-2.80092162 -0.1925693  -0.10348853 ... -0.75473116 -4.27708333
  -0.90119048]
 [-2.6814673   0.84235068  0.66002431 ...  0.86570513 -1.53929182
  -0.90466667]
 [-2.11809011  1.11597222 -0.28708689 ...  1.89106921 -2.38247863
  -0.03318874]
 ...
 [ 0.66655443 -0.38969926  0.22826753 ...  0.96223803 -1.50987227
  -0.00464587]
 [-1.72878066 -0.42459129  0.41476671 ...  1.08913084 -0.21458333
  -1.26172065]
 [ 2.58539095 -0.35020073  0.48786856 ...  0.41177924 -1.02834758
   0.93877996]]